1.034605274472979
0.9493390146592219
0.8988344660012753
0.850255392683589
0.8013165771068049
0.7462301663982244
0.6843178344165698
0.6256913176583552
0.5595403644000583
0.4818146540077205
0.39789717423435583
0.3071907501183376
0.19248575645733698
0.03717689346246077
-0.19013410401556158
-0.6909827336906684
-1.4838978026584029
-3.0110167046587692
-4.099965303470749
-3.863384266433386
-3.4439952367646907
-3.2651296452336256
-3.3751686681418183
-3.6893896539053177
-3.1129713011620037
-3.6131518082240097
-3.1495280336097227
-3.2823596124216716
-3.3783308905047713
-3.1572419934164793
-3.3823880966824564
-3.492552032708969
-3.009224083965827
-3.663138380204634
-2.9860670333318646
-3.522378329125942
-2.9330294721265875
-3.193634131991905
